*** The results from Chris' simulations ***


real_alphas  = [0.285, 0.356, 0.268, 0.240, 0.419, 0.350, 0.318, 0.148, 0.334, 0.237, 0.211, 0.400, 0.249, 0.300, 0.282, 0.286, 0.300, 0.335, 0.273, 0.284, 0.450, 0.361, 0.302, 0.193, 0.391, 0.248, 0.420, 0.329, 0.325, 0.277, 0.313, 0.354, 0.230, 0.327, 0.340, 0.245, 0.246]

model_alphas = [0.277, 0.407, 0.279, 0.228, 0.497, 0.388, 0.326, 0.190, 0.403, 0.251, 0.236, 0.398, 0.281, 0.379, 0.276, 0.304, 0.351, 0.345, 0.303, 0.289, 0.496, 0.418, 0.324, 0.239, 0.389, 0.251, 0.500, 0.374, 0.400, 0.339, 0.322, 0.375, 0.289, 0.318, 0.347, 0.300, 0.300]

avg_alpha_error =  0.03354054054054054
avg_alpha_bias  = -0.03143243243243243
